0 0.04375 0.5834895 0.0875 0.05628499999999992
0 0.075625 0.4915575 0.15125 0.07504700000000003
0 0.0834375 0.5234525 0.166875 0.07692300000000002
0 0.1015625 0.6472795 0.19187500000000002 0.09756100000000001
0 0.164375 0.5567545 0.095 0.051594999999999946
0 0.20656249999999998 0.497186 0.12062499999999998 0.06379000000000001
0 0.259375 0.5811445 0.15375 0.10787899999999995
0 0.3 0.6383675 0.16125 0.09662300000000001
0 0.395625 0.565666 0.09875 0.06941799999999998
0 0.48468750000000005 0.542214 0.133125 0.061914000000000025
0 0.55875 0.6200749999999999 0.20999999999999996 0.22138800000000003
0 0.6671875 0.4873355 0.20937499999999998 0.098499
0 0.7112499999999999 0.672139 0.21375 0.10225200000000001
0 0.6728125 0.5450280000000001 0.135625 0.07129400000000008
0 0.8434375000000001 0.6163225 0.18937499999999996 0.10131299999999999
0 0.8759375 0.5506565 0.13187499999999996 0.07504700000000009
0 0.905 0.6022514999999999 0.15874999999999995 0.08067499999999994
0 0.98875 0.590525 0.02124999999999999 0.042213999999999974
